{"data": [{"uid": "UxKlYGq2I730zIgc", "label": "table", "modelId": "custom.abandon", "children": [], "objectId": 6, "segments": {"obb": {"centroid": [65.66228268314848, 63.28229706481233, -50.82560362213001], "axesLengths": [120.72017818500946, 76.76446068329103, 120.02718349408902], "normalizedAxes": [-0.772126543357637, -0.009974861890639192, 0.6353905123409144, -0.00675681669130404, 0.9999491430313722, 0.007487107520564796, -0.6354328811690398, 0.0014877772303193491, -0.7721546736555609]}, "partId": 6, "fixScale": true, "segments": [128633, 145473, 173558], "fixRotate": true, "obbAligned": {"centroid": [2.0392015395767347, 0.04713290907635781, -1.1734370190903411], "axesLengths": [1.2002718349408903, 1.2072017818500946, 0.7676446068329104], "normalizedAxes": [-0.7721546736555609, -0.6354328811690398, 0.0014877772303193491, 0.6353905123409144, -0.772126543357637, -0.009974861890639192, 0.007487107520564796, -0.00675681669130404, 0.9999491430313722]}, "fixPosition": true, "dominantNormal": [-0.006756816691304041, 0.9999491430313722, 0.007487107520564794]}, "hierarchy": 1, "isInGroup": false, "labelType": "category", "attributes": {"tags": ["double_surface", "regular_shape", "current_scanning"], "attributes": {"occlusion": "0~20%", "orientation": "3", "incompleteness": "0~20%"}}}, {"uid": "vKvHJLvhVNMpyEWq", "label": "tv_monitor", "modelId": "custom.abandon", "children": [], "objectId": 6, "segments": {"obb": {"centroid": [98.9005901499094, 171.84315750721993, -12.066249321546085], "axesLengths": [133.5477328606194, 77.8546706267319, 6.917800294675679], "normalizedAxes": [-0.7553299104287912, 0, 0.6553447386007111, 0, 1, 0, -0.6553447386007111, 0, -0.7553299104287912]}, "partId": 6, "fixScale": true, "segments": [81289, 86657, 82297, 57278, 60624, 65970], "fixRotate": true, "obbAligned": {"centroid": [2.426795082582574, 0.3795159837439671, -0.08782841466626512], "axesLengths": [0.06917800294675679, 1.3354773286061938, 0.778546706267319], "normalizedAxes": [-0.7553299104287912, -0.6553447386007111, 0, 0.6553447386007111, -0.7553299104287912, 0, 0, 0, 1]}, "fixPosition": true, "dominantNormal": [-0.6553447386007117, 0, -0.7553299104287909]}, "hierarchy": 1, "isInGroup": false, "labelType": "category", "attributes": {"tags": ["regular_shape", "current_scanning"], "attributes": {"occlusion": "0~20%", "incompleteness": "0~20%"}}}, {"uid": "2hCjUeht06CV4J3t", "label": "chair", "modelId": "custom.abandon", "children": [], "objectId": 6, "segments": {"obb": {"centroid": [109.41993295619353, 77.98708081386073, -88.9548578710439], "axesLengths": [80.72004221240746, 105.01025200398068, 77.62994333512262], "normalizedAxes": [0.5957261409469223, -0.001988422490641789, 0.8031851661780653, -0.006756816691304063, 0.9999491430313722, 0.007487107520564803, -0.8031592061482504, -0.00988724060712053, 0.5956824087149872]}, "partId": 6, "fixScale": true, "segments": [137943, 201110, 209900], "fixRotate": true, "obbAligned": {"centroid": [1.6579089970875955, 0.4847094118068085, -1.026389181599857], "axesLengths": [0.7762994333512262, 0.8072004221240746, 1.0501025200398069], "normalizedAxes": [0.5956824087149872, -0.8031592061482504, -0.00988724060712053, 0.8031851661780653, 0.5957261409469223, -0.001988422490641789, 0.007487107520564803, -0.006756816691304063, 0.9999491430313722]}, "fixPosition": true, "dominantNormal": [-0.776686986941992, -0.009963878118742027, 0.6298079433031984]}, "hierarchy": 1, "isInGroup": false, "labelType": "category", "attributes": {"tags": ["regular_shape", "current_scanning"], "attributes": {"occlusion": "0~20%", "incompleteness": "20%~50%"}}}, {"uid": "l4XuJ6ldMbMRhyIN", "label": "chair", "modelId": "custom.abandon", "children": [], "objectId": 6, "segments": {"obb": {"centroid": [27.848030924914042, 78.00067148798371, 4.301135819854807], "axesLengths": [72.05075697828623, 107.53620005164018, 67.5574961871823], "normalizedAxes": [-0.6491054164360506, 0.001309603066472747, -0.7606973401381065, -0.0067568166913040545, 0.9999491430313722, 0.007487107520564797, 0.7606684585163117, 0.009999814529913451, -0.6490635561543923]}, "partId": 6, "fixScale": true, "segments": [536915], "fixRotate": true, "obbAligned": {"centroid": [2.5904689339965827, -0.33100960850598654, -1.0262532748586273], "axesLengths": [0.675574961871823, 0.7205075697828623, 1.0753620005164017], "normalizedAxes": [-0.6490635561543923, 0.7606684585163117, 0.009999814529913451, -0.7606973401381065, -0.6491054164360506, 0.001309603066472747, 0.007487107520564797, -0.0067568166913040545, 0.9999491430313722]}, "fixPosition": true, "dominantNormal": [0.7606684585163117, 0.009999814529913451, -0.6490635561543923]}, "hierarchy": 1, "isInGroup": false, "labelType": "category", "attributes": {"tags": ["regular_shape", "current_scanning"], "attributes": {"occlusion": "0~20%", "incompleteness": "20%~50%"}}}, {"uid": "PWfB9R8LfKGXwjTC", "label": "chair", "modelId": "custom.abandon", "children": [], "objectId": 6, "segments": {"obb": {"centroid": [19.846319011093243, 76.80330706722448, -115.49581825464087], "axesLengths": [75.9256228775056, 103.45585984842405, 72.74585550348303], "normalizedAxes": [0.7096963174203454, 0.010069986288604352, -0.7044357546406539, -0.0067568166913040545, 0.9999491430313722, 0.007487107520564799, 0.7044753242436532, -0.0005538293705676729, 0.7097282654684312]}, "partId": 6, "fixScale": true, "segments": [181292], "fixRotate": true, "obbAligned": {"centroid": [1.392499393251626, -0.4110267276441945, -1.0382269190662194], "axesLengths": [0.7274585550348303, 0.759256228775056, 1.0345585984842405], "normalizedAxes": [0.7097282654684312, 0.7044753242436532, -0.0005538293705676729, -0.7044357546406539, 0.7096963174203454, 0.010069986288604352, 0.007487107520564799, -0.0067568166913040545, 0.9999491430313722]}, "fixPosition": true, "dominantNormal": [0.6368860134231711, -0.001468987469161089, 0.7709565798290822]}, "hierarchy": 1, "isInGroup": false, "labelType": "category", "attributes": {"tags": ["double_surface", "regular_shape", "current_scanning"], "attributes": {"occlusion": "0~20%", "incompleteness": "20%~50%"}}}], "stats": {"labelCount": 5, "totalSegments": 7049, "totalVertices": 545897, "percentComplete": 2.0956334253531343, "annotatedSegments": 14, "annotatedVertices": 11440, "unannotatedSegments": 7035, "unannotatedVertices": 534457}, "confirm": false, "skipped": false, "attributes": {"tags": [], "attributes": {}}, "mesh_quality": [], "skipped_reason": "", "label_version": "LO_v1.5.2"}