{"data": [{"uid": "T0Dr7B6alGeKeV2d", "label": "cabinet", "modelId": "custom.abandon", "children": [], "objectId": 12, "segments": {"obb": {"centroid": [-174.20207450590237, 103.77847727653959, -226.35556180110962], "axesLengths": [89.15182937015882, 183.4871957623477, 36.704197267974024], "normalizedAxes": [-0.1155192724163916, 0, -0.9933052389373508, 0, 1, 0, 0.9933052389373508, 0, -0.1155192724163916]}, "partId": 12, "fixScale": true, "segments": [128645], "fixRotate": true, "obbAligned": {"centroid": [1.2026294153102843, -0.8387406656942471, 0.35691477621769696], "axesLengths": [0.36704197267974026, 0.8915182937015882, 1.834871957623477], "normalizedAxes": [-0.1155192724163916, 0.9933052389373508, 0, -0.9933052389373508, -0.1155192724163916, 0, 0, 0, 1]}, "fixPosition": true, "dominantNormal": [0.9933052389373508, 0, -0.1155192724163916]}, "hierarchy": 1, "isInGroup": false, "labelType": "category", "attributes": {"tags": ["current_scanning"], "attributes": {"occlusion": "0~20%", "incompleteness": "50%~100%"}}}, {"uid": "QO5JPUytyImF9srp", "label": "bed", "modelId": "custom.abandon", "children": [], "objectId": 12, "segments": {"obb": {"centroid": [-121.7630423352068, 41.81319520200249, -23.459613200535358], "axesLengths": [88.97905425546911, 58.684968584523446, 225.87257758855705], "normalizedAxes": [-0.9933716399560717, 0, 0.1149468787352876, 0, 1, 0, -0.1149468787352876, 0, -0.9933716399560717]}, "partId": 12, "fixScale": true, "segments": [105911], "fixRotate": true, "obbAligned": {"centroid": [3.231588901316027, -0.31435034398729145, -0.2627380445276741], "axesLengths": [2.2587257758855706, 0.8897905425546911, 0.5868496858452344], "normalizedAxes": [-0.9933716399560717, -0.1149468787352876, 0, 0.1149468787352876, -0.9933716399560717, 0, 0, 0, 1]}, "fixPosition": true, "dominantNormal": [0, 1, 0]}, "hierarchy": 1, "isInGroup": false, "labelType": "category", "attributes": {"tags": ["double_surface", "regular_shape", "current_scanning"], "attributes": {"occlusion": "20%~50%", "incompleteness": "0~20%"}}}, {"uid": "zH1dk9opiDoituPG", "label": "cabinet", "modelId": "custom.abandon", "children": [], "objectId": 12, "segments": {"obb": {"centroid": [84.76339495135576, 109.29777021633376, -263.549065502428], "axesLengths": [91.3141371067789, 194.7191861515976, 54.58297491772446], "normalizedAxes": [0.14551187105786778, 0, 0.9893565057052178, 0, 1, 0, -0.9893565057052178, 0, 0.14551187105786778]}, "partId": 12, "fixScale": true, "segments": [370964], "fixRotate": true, "obbAligned": {"centroid": [0.8306943782971006, 1.7509140288783342, 0.4121077056156386], "axesLengths": [0.5458297491772446, 0.913141371067789, 1.947191861515976], "normalizedAxes": [0.14551187105786778, -0.9893565057052178, 0, 0.9893565057052178, 0.14551187105786778, 0, 0, 0, 1]}, "fixPosition": true, "dominantNormal": [-0.9893565057052178, 0, 0.14551187105786778]}, "hierarchy": 1, "isInGroup": false, "labelType": "category", "attributes": {"tags": ["regular_shape", "current_scanning"], "attributes": {"occlusion": "0~20%", "incompleteness": "20%~50%"}}}, {"uid": "kPiXcmQYkQemsm0n", "label": "cabinet", "modelId": "custom.abandon", "children": [], "objectId": 12, "segments": {"obb": {"centroid": [107.41130502388125, 52.20410469205736, -145.21025271203945], "axesLengths": [149.44166493861138, 80.53185510304482, 44.20866471175719], "normalizedAxes": [0.14551187105786778, 0, 0.9893565057052178, 0, 1, 0, -0.9893565057052178, 0, 0.14551187105786778]}, "partId": 12, "fixScale": true, "segments": [351984], "fixRotate": true, "obbAligned": {"centroid": [2.014082506200986, 1.9773931296035892, -0.15882894962712535], "axesLengths": [0.4420866471175719, 1.494416649386114, 0.8053185510304482], "normalizedAxes": [0.14551187105786778, -0.9893565057052178, 0, 0.9893565057052178, 0.14551187105786778, 0, 0, 0, 1]}, "fixPosition": true, "dominantNormal": [-0.9893565057052178, 0, 0.14551187105786778]}, "hierarchy": 1, "isInGroup": false, "labelType": "category", "attributes": {"tags": ["double_surface", "regular_shape", "current_scanning"], "attributes": {"occlusion": "20%~50%", "incompleteness": "20%~50%"}}}, {"uid": "Wn8ynjmveY8jPwWZ", "label": "table", "modelId": "custom.abandon", "children": [], "objectId": 12, "segments": {"obb": {"centroid": [115.20492022934322, 47.34556964831231, -6.619926576967705], "axesLengths": [123.66722260236784, 70.81478501555473, 69.12041223165217], "normalizedAxes": [0.14551187105786778, 0, 0.9893565057052178, 0, 1, 0, -0.9893565057052178, 0, 0.14551187105786778]}, "partId": 12, "fixScale": true, "segments": [294503], "fixRotate": true, "obbAligned": {"centroid": [3.3999857675517036, 2.0553292816582087, -0.20741430006457584], "axesLengths": [0.6912041223165217, 1.2366722260236784, 0.7081478501555474], "normalizedAxes": [0.14551187105786778, -0.9893565057052178, 0, 0.9893565057052178, 0.14551187105786778, 0, 0, 0, 1]}, "fixPosition": true, "dominantNormal": [-0.9893565057052178, 0, 0.14551187105786778]}, "hierarchy": 1, "isInGroup": false, "labelType": "category", "attributes": {"tags": ["regular_shape", "current_scanning"], "attributes": {"occlusion": "50%~100%", "orientation": "1", "incompleteness": "20%~50%"}}}, {"uid": "AuYVLitIuAdKgeMj", "label": "tv_monitor", "modelId": "custom.abandon", "children": [], "objectId": 12, "segments": {"obb": {"centroid": [136.71758575878582, 104.03691260512508, -7.743024829072054], "axesLengths": [39.30786176391722, 42.10948182703843, 5.123194666825137], "normalizedAxes": [0.14551187105786745, 1.3877787807814457e-17, 0.9893565057052179, 0.11717808796437502, 0.9929613672415596, -0.01723423531189671, -0.982392788594385, 0.11843868948013836, 0.1444876664354976]}, "partId": 12, "fixScale": true, "segments": [286229], "fixRotate": true, "obbAligned": {"centroid": [3.38875478503066, 2.2704559369526347, 0.3594991295035519], "axesLengths": [0.05123194666825137, 0.3930786176391722, 0.4210948182703843], "normalizedAxes": [0.1444876664354976, -0.982392788594385, 0.11843868948013836, 0.9893565057052179, 0.14551187105786745, 1.3877787807814457e-17, -0.01723423531189671, 0.11717808796437502, 0.9929613672415596]}, "fixPosition": true, "dominantNormal": [-0.982392788594385, 0.11843868948013836, 0.1444876664354976]}, "hierarchy": 1, "isInGroup": false, "labelType": "category", "attributes": {"tags": ["regular_shape", "current_scanning"], "attributes": {"occlusion": "0~20%", "incompleteness": "0~20%"}}}, {"uid": "yfwNOynTtxT0eqtF", "label": "tv_monitor", "modelId": "custom.abandon", "children": [], "objectId": 12, "segments": {"obb": {"centroid": [106.00119148678499, 120.98398970313863, -145.37818613056226], "axesLengths": [92.85599248127542, 57.15485962593401, 7.191068311394543], "normalizedAxes": [0.14551187105786778, 0, 0.9893565057052178, 0, 1, 0, -0.9893565057052178, 0, 0.14551187105786778]}, "partId": 12, "fixScale": true, "segments": [341403], "fixRotate": true, "obbAligned": {"centroid": [2.012403172015758, 1.9632919942326266, 0.5289699004836874], "axesLengths": [0.07191068311394543, 0.9285599248127543, 0.5715485962593401], "normalizedAxes": [0.14551187105786778, -0.9893565057052178, 0, 0.9893565057052178, 0.14551187105786778, 0, 0, 0, 1]}, "fixPosition": true, "dominantNormal": [-0.9893565057052178, 0, 0.14551187105786778]}, "hierarchy": 1, "isInGroup": false, "labelType": "category", "attributes": {"tags": ["regular_shape", "current_scanning"], "attributes": {"occlusion": "0~20%", "incompleteness": "0~20%"}}}, {"uid": "XPwucheuXlIauCoo", "label": "chair", "modelId": "custom.abandon", "children": [], "objectId": 12, "segments": {"obb": {"centroid": [12.708582494823716, 41.13874073091651, -249.78324390874596], "axesLengths": [92.03267796622308, 58.401127180763126, 97.28107769057513], "normalizedAxes": [0.9891035855130826, 0, -0.14722125228771824, 0, 1, 0, 0.14722125228771824, 0, 0.9891035855130826]}, "partId": 12, "fixScale": true, "segments": [381900], "fixRotate": true, "obbAligned": {"centroid": [0.9683525942339211, 1.0303659043130138, -0.26948258923853385], "axesLengths": [0.9728107769057514, 0.9203267796622308, 0.5840112718076312], "normalizedAxes": [0.9891035855130826, 0.14722125228771824, 0, -0.14722125228771824, 0.9891035855130826, 0, 0, 0, 1]}, "fixPosition": true, "dominantNormal": [0, 1, 0]}, "hierarchy": 1, "isInGroup": false, "labelType": "category", "attributes": {"tags": ["current_scanning"], "attributes": {"occlusion": "0~20%", "incompleteness": "20%~50%"}}}, {"uid": "WKmH2xPhGnH0drHL", "label": "chair", "modelId": "custom.abandon", "children": [], "objectId": 12, "segments": {"obb": {"centroid": [52.94522421234671, 68.93373918606122, 12.086154897158563], "axesLengths": [64.77254751545239, 113.96657305884833, 69.50059687170001], "normalizedAxes": [-0.8719379837578145, 0, 0.4896163319175097, 0, 1, 0, -0.4896163319175097, 0, -0.8719379837578145]}, "partId": 12, "fixScale": true, "segments": [226074, 219531, 360470], "fixRotate": true, "obbAligned": {"centroid": [3.5870465822929662, 1.4327323214882437, 0.008467395312913184], "axesLengths": [0.6950059687170002, 0.6477254751545239, 1.1396657305884832], "normalizedAxes": [-0.8719379837578145, -0.4896163319175097, 0, 0.4896163319175097, -0.8719379837578145, 0, 0, 0, 1]}, "fixPosition": true, "dominantNormal": [-0.8719379837578145, 0, 0.4896163319175097]}, "hierarchy": 1, "isInGroup": false, "labelType": "category", "attributes": {"tags": ["regular_shape", "current_scanning"], "attributes": {"occlusion": "0~20%", "incompleteness": "0~20%"}}}], "stats": {"labelCount": 11, "totalSegments": 6449, "totalVertices": 439424, "percentComplete": 14.365851660355375, "annotatedSegments": 30, "annotatedVertices": 63127, "unannotatedSegments": 6419, "unannotatedVertices": 376297}, "confirm": false, "skipped": false, "attributes": {"tags": [], "attributes": {}}, "mesh_quality": [], "relabel_reason": "", "skipped_reason": "", "label_version": "LO_v1.5.2"}